321438949
1322840572
738474312
482256607
1222599845
871993572
1043973411
964529274
370175187
1008392594
882373293
585224958
1164414206
898076873
839442863
127462982
1253968102
1397793504
1293047840
952236712
1121852571
1163168948
666982253
1011244951
964483969
1237477244
665676777
1243567823
1123167974
784684794
562790030
991706615
625674270
947495064
1002055422
1246078237
504644074
966658349
310597397
995363042
750416388
5265147777
950649337
474019866
1068987794
340075775
835414597
972113300
1129023913
1055419200
1074359823
825825052
1023248374
1127596667
1228063994
559159925
1053183917
1037292346
924044537
702445333
781519913
519017874
946212520
1059152940
485502224
497040312
1074519627
305568167
472036723
623543191
966001119
449207478
1029304196
945633499
901476542
508581460
561524134
1046059836
1017313709
943361720
781729006
1017854283
1028025310
566431039
1024967896
753056883
350777890
1697537569
933091711
1019754338
554840851
351092115
1028353202
1025680542
891271070
1282381011
1063834900
1084913490
1366241392
991381653
623542121
1043867303
1043973261
1281628337
568021778
5185581606
606181231
888876078
935872196
1643818496
851369558